image_width: 1280
image_height: 720
camera_name: c920
camera_matrix:
  rows: 3
  cols: 3
  data:
    - 1040.2144448650552
    - 0.0
    - 652.5119531606973
    - 0.0
    - 1047.3442733913412
    - 324.67269119300164
    - 0.0
    - 0.0
    - 1.0
distortion_model: plumb_bob
distortion_coefficients:
  rows: 1
  cols: 5
  data:
    - 0.0415902839250524
    - -0.16144474327948247
    - -0.0006956731287093357
    - -0.0004596799553918709
    - 0.01254003909816932
rectification_matrix:
  rows: 3
  cols: 3
  data:
    - 1.0
    - 0.0
    - 0.0
    - 0.0
    - 1.0
    - 0.0
    - 0.0
    - 0.0
    - 1.0
projection_matrix:
  rows: 3
  cols: 4
  data:
    - 1040.2144448650552
    - 0.0
    - 652.5119531606973
    - 0.0
    - 0.0
    - 1047.3442733913412
    - 324.67269119300164
    - 0.0
    - 0.0
    - 0.0
    - 1.0
    - 0.0
